0 151 1110
1 151 1110
2 151 1110
3 151 1110
4 151 1110
5 151 1110
6 151 1110
7 151 1110
8 151 1110
9 151 1110
10 151 1110
11 151 1110
12 151 1110
13 151 1110
14 151 1110
15 151 1110
16 151 1110
17 151 1110
18 151 1110
19 151 1110
20 151 1110
21 151 1110
22 151 1110
23 151 1110
24 151 1110
25 151 1110
26 151 1110
27 151 1110
28 151 1110
29 151 1110
30 151 1110
31 151 1110
32 151 1110
33 151 1110
34 151 1110
35 151 1110
36 151 1110
37 151 1110
38 151 1110
39 151 1110
40 151 1110
41 151 1110
42 151 1110
43 151 1110
44 151 1110
45 151 1110
46 151 1110
47 151 1110
48 151 1110
49 151 1110
50 151 1110
51 151 1110
52 151 1110
53 151 1110
54 151 1110
55 151 1110
56 151 1110
57 151 1110
58 151 1110
59 151 1110
60 151 1110
61 151 1110
62 151 1110
63 151 1110
64 151 1110
65 151 1110
66 151 1110
67 151 1110
68 151 1110
69 151 1110
70 151 1110
71 151 1110
72 151 1110
73 151 1110
74 151 1110
75 151 1110
76 151 1110
77 151 1110
78 151 1110
79 151 1110
80 151 1110
81 151 1110
82 151 1110
83 151 1110
84 151 1110
85 151 1110
86 151 1110
87 151 1110
88 151 1110
89 151 1110
90 151 1110
91 151 1110
92 151 1110
93 151 1110
94 151 1110
95 151 1110
96 151 1110
97 151 1110
98 151 1110
99 151 1110
100 151 1110
101 151 1110
102 151 1110
103 151 1110
104 151 1110
105 151 1110
106 151 1110
107 151 1110
108 151 1110
109 151 1110
110 151 1110
111 151 1110
112 151 1110
113 151 1110
114 151 1110
115 151 1110
116 151 1110
117 151 1110
118 151 1110
119 151 1110
120 151 1110
121 151 1110
122 151 1110
123 151 1110
124 151 1110
125 151 1110
126 151 1110
127 151 1110
128 151 1110
129 151 1110
130 151 1110
131 151 1110
132 151 1110
133 151 1110
134 151 1110
135 151 1110
136 151 1110
137 151 1110
138 151 1110
139 151 1110
140 151 1110
141 151 1110
142 151 1110
143 151 1110
144 151 1110
145 151 1110
146 151 1110
147 151 1110
148 151 1110
149 151 1110
150 151 1110
151 151 1110
152 151 1110
153 151 1110
154 151 1110
155 151 1110
156 151 1110
157 151 1110
158 151 1110
159 151 1110
160 151 1110
161 151 1110
162 151 1110
163 151 1110
164 151 1110
165 151 1110
166 151 1110
167 151 1108
168 151 1108
169 151 1108
170 151 1108
171 151 1108
172 151 1108
173 151 1108
174 151 1108
175 151 1108
176 151 1108
177 151 1108
178 151 1108
179 151 1108
180 151 1108
181 151 1108
182 151 1108
183 151 1108
184 151 1108
185 151 1108
186 151 1108
187 151 1108
188 151 1108
189 151 1108
190 151 1108
191 151 1108
192 151 1108
193 151 1108
194 151 1108
195 151 1108
196 151 1108
197 151 1108
198 151 1108
199 151 1108
200 151 1108
201 151 1108
202 151 1108
203 151 1108
204 151 1108
205 151 1108
206 151 1108
207 151 1108
208 151 1108
209 151 1108
210 151 1108
211 151 1108
212 151 1108
213 151 1108
214 151 1108
215 151 1108
216 151 1108
217 151 1108
218 151 1108
219 151 1108
220 151 1108
221 151 1108
222 151 1108
223 151 1108
224 151 1108
225 151 1108
226 151 1108
227 151 1108
228 151 1108
229 151 1108
230 151 1108
231 151 1108
232 151 1108
233 151 1108
234 151 1108
235 151 1108
236 151 1108
237 151 1108
238 151 1108
239 151 1108
240 151 1108
241 151 1108
242 151 1108
243 151 1108
244 151 1108
245 146 1046
246 146 1046
247 137 1016
248 137 1016
249 137 1016
250 53 405
251 53 405
252 53 405
253 53 405
254 53 405
255 0 0
